0,466
0,465
0,464
0,463
0,462
0,461
0,460
0,459
0,458
0,457
0,456
0,455
0,454
0,453
0,452
0,451
68,3
68,2
68,1
68,0
67,3
67,2
67,1
67,0
66,3
66,2
66,1
66,0
65,7
65,6
65,5
65,4
65,3
65,2
0,450
65,1
65,0
64,3
64,2
64,1
64,0
63,3
63,2
63,1
63,0
0,449
0,448
62,3
62,2
62,1
62,0
0,447
61,3
61,2
61,1
61,0
0,446
0,445
60,3
60,2
60,1
60,0
59,3
59,2
59,1
59,0
58,3
58,2
0,444
58,1
58,0
0,443
0,442
0,441
0,440
0,439
57,3
57,2
0,438
57,1
57,0
0,437
0,436
56,3
56,2
0,435
56,1
56,0
0,434
0,433
55,3
55,2
0,432
55,1
55,0
54,18
54,17
54,16
54,15
54,14
54,13
54,12
54,11
54,10
54,9
54,8
54,7
54,6
0,431
0,430
54,5
0,429
0,428
0,427
54,4
54,3
54,2
0,426
54,1
54,0
0,425
0,424
0,423
0,422
0,421
53,3
53,2
0,420
53,1
53,0
0,419
0,418
0,417
52,3
52,2
0,416
52,1
52,0
51,11
51,10
51,9
51,8
51,7
51,6
51,5
51,4
0,415
0,414
